$ANSIBLE_VAULT;1.1;AES256
33316337643161383061363065366139376666343231623561613938346465653533393464313964
3764356337633333373936643233373161356231323633340a306164323636323239653636346262
31373935623736383838393336333833616130303636656638346232306331303638633039653731
3465613731363337610a643161646333346362613561373266393761373461623466363633653464
39333462623335633535653564313030623562393966323430323537343132346337373064666163
32646333616532643831373733386635653865323965303561636131353963346636333938613238
63646233336335356563633034346339343834336163646365346638383334376266363234343436
36303862626365336136666431386665303539396231336665366138626437393366653630333539
63626365633832383539326138613236633734646634393563333866386531366361653630623739
39383164303662353939636234643464656438383233393534646138646364336464346239653832
66383937343033303963393465306665326231336438316237626135633332373263316264616461
39373531373865316536343433366237663639646330623161613939356332623361386565653061
62616465643435343135616633363734373639306530326664623734613135623538633630653362
30323234383064633563346561386436353636653735626133376130646536333536623233323937
62626335353333303761356465666430313839366163656662336261313362363533616235303361
64313362653739336132353462376365306565313631643762396432393537323566613361316564
35353330623065343531623761363365343265306364346263646162306330613932
